3,66,1,20,3,85,1,49,
3,66,1,20,3,85,1,49,
3,66,1,20,3,85,1,49,
3,66,1,20,3,85,1,49,
3,66,1,20,3,85,1,49,
3,66,1,20,3,85,1,49,
3,66,1,20,3,85,1,49,
3,66,1,20,3,85,1,49,
3,66,1,20,3,85,1,49,


3,66,1,20,3,85,1,49,
3,66,1,20,3,85,1,49,
3,66,1,20,3,85,1,49,
28.12.2016 11.26.41,3,66,1,20,3,85,1,49,
28.12.2016 11.33.09,3,66,1,20,3,85,1,49,
28.12.2016 12.12.49,3,66,1,20,3,85,1,49,
28.12.2016 12.17.18,3,66,1,20,3,85,1,49,
28.12.2016 12.17.24,3,66,1,20,3,85,1,49,
28.12.2016 17.31.53,3,66,1,20,3,85,1,49,
