04.02.2018 11.35.35,-2,55,2,70,-2,05,3,21,0,1
04.02.2018 11.51.36,-2,55,2,70,-2,05,3,21,0,1
04.02.2018 12.10.22,-2,55,2,70,-2,05,3,21,0,1
04.02.2018 12.23.06,-2,55,2,70,-2,05,3,21,0,1
04.02.2018 12.49.27,-2,55,2,70,-2,05,3,21,0,1
04.02.2018 17.13.04,-3,17,1,91,-2,81,2,34,0,0
04.02.2018 17.23.28,-2,59,2,69,-2,07,3,20,-1,65,3,60,-1,13,3,98,0,1
04.02.2018 17.23.51,-2,58,2,70,-2,07,3,20,0,1
04.02.2018 17.24.56,-3,13,1,80,-2,77,2,38,0,0
04.02.2018 17.25.59,-3,87,0,98,-3,52,1,79,1,1
04.02.2018 17.53.04,-2,58,2,70,-2,07,3,20,0,1
