11.02.2018 12.33.42,2,27,-2,59,2,69,-2,08,0,1
11.02.2018 12.34.46,1,89,-3,13,1,86,-2,77,0,1
11.02.2018 12.35.49,1,41,-3,87,0,98,-3,47,0,0
11.02.2018 12.36.52,0,92,-4,85,0,42,-4,06,0,1
11.02.2018 12.37.57,0,21,-4,99,-0,21,-4,91,0,1
11.02.2018 12.39.00,-0,22,-5,00,-0,73,-5,00,1,0
11.02.2018 12.40.04,-0,86,-5,00,-1,51,-5,00,1,1
11.02.2018 12.41.07,-1,61,-5,00,-1,91,-5,00,1,1
11.02.2018 12.42.10,-2,17,-5,00,-2,39,-4,99,1,1
11.02.2018 12.43.13,-2,78,-5,00,-2,77,-5,00,1,0
11.02.2018 12.44.18,-3,36,-5,00,-3,27,-4,99,1,1
11.02.2018 12.45.22,-3,80,-4,98,-3,95,-5,00,1,0
11.02.2018 12.46.25,-4,72,-4,96,-4,56,-5,00,0,0
11.02.2018 12.47.28,-4,98,-5,00,-4,99,-5,00,0,1
11.02.2018 12.48.31,-4,99,-4,99,-4,96,-5,00,0,1
11.02.2018 12.49.36,-4,98,-5,00,-4,98,-4,99,1,0
11.02.2018 12.50.39,-4,99,-5,00,-5,00,-4,96,1,0
11.02.2018 12.51.43,-4,97,-4,96,-4,99,-5,00,1,1
11.02.2018 12.52.46,-5,00,-5,00,-5,00,-5,00,0,0
11.02.2018 12.53.49,-4,99,-5,00,-4,99,-5,00,1,0
11.02.2018 12.54.52,-5,00,-5,00,-4,99,-5,00,1,1
11.02.2018 12.55.57,-4,99,-4,91,-5,00,-5,00,0,1
11.02.2018 12.57.01,-5,00,-5,00,-5,00,-4,99,0,1
11.02.2018 12.58.04,-4,99,-5,00,-4,99,-5,00,1,0
11.02.2018 12.59.07,-4,98,-5,00,-5,00,-5,00,1,1
11.02.2018 13.00.10,-4,99,-4,99,-4,99,-4,99,0,1
11.02.2018 13.01.14,-5,00,-4,99,-5,00,-5,00,0,0
11.02.2018 13.02.19,-5,00,-5,00,-4,99,-5,00,1,0
11.02.2018 13.03.22,-5,00,-5,00,-4,96,-5,00,1,0
11.02.2018 13.04.25,-5,00,-5,00,-4,99,-5,00,0,1
11.02.2018 13.05.28,-5,00,-5,00,-4,99,-5,00,1,1
