04.02.2018 11.27.19,-2,55,2,69,-2,04,3,21,0,1
04.02.2018 11.28.23,-2,37,2,56,-2,10,3,13,0,0
04.02.2018 11.52.40,-2,40,2,53,-2,13,3,10,1,0
04.02.2018 11.53.43,-2,50,2,47,-2,05,3,14,1,0
04.02.2018 11.54.48,-2,68,2,52,-2,00,3,00,1,0
04.02.2018 12.14.51,-2,55,2,70,-2,05,3,21,0,1
04.02.2018 12.15.54,-2,40,2,53,-2,13,3,10,1,0
04.02.2018 12.16.57,-2,50,2,47,-2,05,3,14,1,0
04.02.2018 12.18.01,-2,68,2,48,-1,98,2,98,0,1
04.02.2018 12.20.05,-2,55,2,70,-2,05,3,21,0,1
04.02.2018 12.21.08,-2,40,2,53,-2,13,3,10,1,0
04.02.2018 12.24.10,-2,40,2,53,-2,13,3,10,1,0
04.02.2018 12.25.15,-2,46,2,48,-2,08,3,16,1,1
04.02.2018 12.33.22,-3,47,3,15,-1,72,3,52,0,1
04.02.2018 12.34.26,-3,56,3,16,-1,95,3,46,1,1
